H2 potential for H2/W(110) - morse from Pascal
500
0.50000000000000000       0.40310127188610018
0.52000000000000002       0.37639519612105099
0.54000000000000004       0.35111938615999261
0.56000000000000005       0.32720906779847508
0.57999999999999996       0.30460221981192909
0.59999999999999998       0.28323946021004826
0.62000000000000000       0.26306393712813081
0.64000000000000001       0.24402122416758801
0.66000000000000003       0.22605922000541032
0.67999999999999994       0.20912805209965912
0.69999999999999996       0.19317998432502717
0.71999999999999997       0.17816932837922084
0.73999999999999999       0.16405235880733546
0.76000000000000001       0.15078723149757789
0.78000000000000003       0.13833390550760427
0.80000000000000004       0.12665406808642807
0.82000000000000006       0.11571106276230865
0.84000000000000008       0.10546982037226262
0.85999999999999999        9.5896792913865728E-002
0.88000000000000000        8.6959890104833862E-002
0.90000000000000002        7.8628418540497944E-002
0.91999999999999993        7.0873023343727179E-002
0.93999999999999995        6.3665632206118192E-002
0.95999999999999996        5.6979401723354299E-002
0.97999999999999998        5.0788665931565349E-002
1.0000000000000000        4.5068886955284264E-002
1.0200000000000000        3.9796607681210253E-002
1.0400000000000000        3.4949406375457834E-002
1.0600000000000001        3.0505853165298955E-002
1.0800000000000001        2.6445468309599488E-002
1.1000000000000001        2.2748682185218461E-002
1.1200000000000001        1.9396796919577873E-002
1.1400000000000001        1.6371949602436257E-002
1.1600000000000001        1.3657077012607197E-002
1.1800000000000002        1.1235881797964288E-002
1.2000000000000002        9.0928000495693415E-003
1.2200000000000000        7.2129702131546276E-003
1.2400000000000000        5.5822032834879493E-003
1.2600000000000000        4.1869542293546209E-003
1.2800000000000000        3.0142945990058265E-003
1.3000000000000000        2.0518862579541252E-003
1.3200000000000001        1.2879562129453472E-003
1.3399999999999999        7.1127247780604298E-004
1.3599999999999999        3.1112093866031876E-004
1.3799999999999999        7.7283177732048072E-005
1.3999999999999999        1.5216600766712642E-008
1.4199999999999999        7.0027141365716644E-005
1.4399999999999999        2.7846357369409452E-004
1.4600000000000000        6.1688495319001157E-004
1.4800000000000000        1.0772495979220044E-003
1.5000000000000000        1.6518965112917558E-003
1.5200000000000000        2.3335289047170769E-003
1.5400000000000000        3.1151984068406458E-003
1.5600000000000001        3.9902899311641208E-003
1.5800000000000001        4.9525071751477375E-003
1.6000000000000001        5.9958587249095783E-003
1.6200000000000001        7.1146447407086991E-003
1.6400000000000001        8.3034441994040298E-003
1.6599999999999999        9.5571026710475088E-003
1.6799999999999999        1.0870720607698062E-002
1.7000000000000000        1.2239642123432780E-002
1.7200000000000000        1.3659444245386603E-002
1.7400000000000000        1.5125926616470744E-002
1.7600000000000000        1.6635101631207402E-002
1.7800000000000000        1.8183184986872464E-002
1.8000000000000000        1.9766586632862685E-002
1.8200000000000001        2.1381902101898248E-002
1.8400000000000001        2.3025904207338865E-002
1.8600000000000001        2.4695535091531204E-002
1.8800000000000001        2.6387898610719336E-002
1.9000000000000001        2.8100253042639318E-002
1.9199999999999999        2.9830004103483847E-002
1.9399999999999999        3.1574698261465695E-002
1.9600000000000000        3.3332016334728772E-002
1.9800000000000000        3.5099767361855314E-002
2.0000000000000000        3.6875882733696456E-002
2.0200000000000000        3.8658410575713592E-002
2.0400000000000000        4.0445510370458619E-002
2.0600000000000001        4.2235447810244790E-002
2.0800000000000001        4.4026589870465517E-002
2.1000000000000001        4.5817400094408732E-002
2.1200000000000001        4.7606434080787498E-002
2.1400000000000001        4.9392335165567021E-002
2.1600000000000001        5.1173830290011602E-002
2.1799999999999997        5.2949726047205894E-002
2.2000000000000002        5.4718904899621341E-002
2.2199999999999998        5.6480321560602079E-002
2.2400000000000002        5.8232999532938007E-002
2.2599999999999998        5.9976027797969504E-002
2.2800000000000002        6.1708557648940419E-002
2.2999999999999998        6.3429799662569356E-002
2.3200000000000003        6.5139020803060846E-002
2.3399999999999999        6.6835541653010255E-002
2.3600000000000003        6.8518733765888643E-002
2.3799999999999999        7.0188017135006872E-002
2.4000000000000004        7.1842857774072982E-002
2.4199999999999999        7.3482765404651706E-002
2.4399999999999999        7.5107291246033978E-002
2.4600000000000000        7.6716025903202950E-002
2.4800000000000000        7.8308597348765621E-002
2.5000000000000000        7.9884668994885402E-002
2.5200000000000000        8.1443937851416071E-002
2.5400000000000000        8.2986132766593904E-002
2.5600000000000001        8.4511012746794359E-002
2.5800000000000001        8.6018365352003842E-002
2.6000000000000001        8.7508005163795866E-002
2.6200000000000001        8.8979772322732756E-002
2.6400000000000001        9.0433531132241257E-002
2.6600000000000001        9.1869168726133113E-002
2.6800000000000002        9.3286593797057643E-002
2.7000000000000002        9.4685735383286271E-002
2.7200000000000002        9.6066541711336023E-002
2.7400000000000002        9.7428979092043330E-002
2.7600000000000002        9.8773030867796943E-002
2.7800000000000002       0.10009869640873528
2.8000000000000003       0.10140599015580329
2.8199999999999998       0.10269494070865266
2.8399999999999999       0.10396558995645198
2.8599999999999999       0.10521799224975381
2.8799999999999999       0.10645221361164406
2.8999999999999999       0.10766833098647115
2.9199999999999999       0.10886643152452474
2.9399999999999999       0.11004661190110127
2.9600000000000000       0.11120897766845893
2.9800000000000000       0.11235364263922702
3.0000000000000000       0.11348072829989507
3.0200000000000000       0.11459036325306421
3.0400000000000000       0.11568268268719871
3.0600000000000001       0.11675782787266838
3.0800000000000001       0.11781594568292346
3.1000000000000001       0.11885718813969208
3.1200000000000001       0.11988171198113702
3.1400000000000001       0.12088967825195333
3.1600000000000001       0.12188125191443165
3.1800000000000002       0.12285660147955216
3.2000000000000002       0.12381589865721460
3.2200000000000002       0.12475931802474732
3.2400000000000002       0.12568703671287412
3.2600000000000002       0.12659923410835294
3.2800000000000002       0.12749609157253350
3.3000000000000003       0.12837779217511328
3.3199999999999998       0.12924452044240126
3.3399999999999999       0.13009646211942916
3.3599999999999999       0.13093380394527643
3.3799999999999999       0.13175673344100472
3.3999999999999999       0.13256543870962070
3.4199999999999999       0.13336010824751321
3.4399999999999999       0.13414093076683270
3.4600000000000000       0.13490809502830503
3.4800000000000000       0.13566178968399292
3.5000000000000000       0.13640220312953905
3.5200000000000000       0.13712952336544557
3.5400000000000000       0.13784393786696378
3.5600000000000001       0.13854563346218515
3.5800000000000001       0.13923479621794452
3.6000000000000001       0.13991161133316152
3.6200000000000001       0.14057626303926274
3.6400000000000001       0.14122893450734406
3.6600000000000001       0.14186980776174546
3.6800000000000002       0.14249906359972631
3.7000000000000002       0.14311688151694263
3.7200000000000002       0.14372343963843995
3.7400000000000002       0.14431891465488944
3.7600000000000002       0.14490348176380602
3.7800000000000002       0.14547731461549848
3.8000000000000003       0.14604058526351363
3.8200000000000003       0.14659346411934646
3.8399999999999999       0.14713611991119810
3.8599999999999999       0.14766871964657421
3.8799999999999999       0.14819142857852410
3.8999999999999999       0.14870441017533148
3.9199999999999999       0.14920782609347497
3.9399999999999999       0.14970183615368510
3.9600000000000000       0.15018659831993297
3.9800000000000000       0.15066226868119187
4.0000000000000000       0.15112900143582156
4.0199999999999996       0.15158694887843138
4.0400000000000000       0.15203626138908452
4.0600000000000005       0.15247708742471244
4.0800000000000001       0.15290957351261517
4.0999999999999996       0.15333386424592693
4.1200000000000001       0.15375010228093458
4.1400000000000006       0.15415842833613946
4.1600000000000001       0.15455898119295999
4.1799999999999997       0.15495189769797610
4.2000000000000002       0.15533731276662135
4.2200000000000006       0.15571535938823364
4.2400000000000002       0.15608616863237890
4.2599999999999998       0.15644986965636704
4.2800000000000002       0.15680658971388187
4.3000000000000007       0.15715645416465249
4.3200000000000003       0.15749958648509510
4.3399999999999999       0.15783610827985919
4.3599999999999994       0.15816613929421450
4.3799999999999999       0.15848979742721786
4.4000000000000004       0.15880719874560337
4.4199999999999999       0.15911845749834092
4.4399999999999995       0.15942368613181138
4.4600000000000000       0.15972299530554879
4.4800000000000004       0.16001649390850342
4.5000000000000000       0.16030428907578079
4.5200000000000005       0.16058648620581523
4.5400000000000000       0.16086318897793664
4.5600000000000005       0.16113449937029437
4.5800000000000001       0.16140051767810049
4.5999999999999996       0.16166134253216011
4.6200000000000001       0.16191707091765489
4.6399999999999997       0.16216779819315022
4.6600000000000001       0.16241361810979718
4.6799999999999997       0.16265462283070151
4.7000000000000002       0.16289090295043371
4.7199999999999998       0.16312254751465657
4.7400000000000002       0.16334964403984656
4.7599999999999998       0.16357227853308701
4.7800000000000002       0.16379053551191361
4.7999999999999998       0.16400449802419192
4.8200000000000003       0.16421424766800916
4.8399999999999999       0.16441986461156305
4.8600000000000003       0.16462142761303197
4.8799999999999999       0.16481901404041058
4.9000000000000004       0.16501269989129747
4.9199999999999999       0.16520255981262102
4.9400000000000004       0.16538866712029154
4.9600000000000000       0.16557109381876722
4.9800000000000004       0.16574991062052410
5.0000000000000000       0.16592518696541889
5.0200000000000005       0.16609699103993605
5.0400000000000000       0.16626538979630937
5.0600000000000005       0.16643044897151088
5.0800000000000001       0.16659223310609891
5.1000000000000005       0.16675080556291844
5.1200000000000001       0.16690622854564702
5.1399999999999997       0.16705856311718120
5.1600000000000001       0.16720786921785658
5.1799999999999997       0.16735420568349796
5.2000000000000002       0.16749763026329373
5.2199999999999998       0.16763819963749144
5.2400000000000002       0.16777596943490997
5.2599999999999998       0.16791099425026532
5.2800000000000002       0.16804332766130697
5.2999999999999998       0.16817302224576205
5.3200000000000003       0.16830012959808491
5.3399999999999999       0.16842470034601015
5.3600000000000003       0.16854678416690697
5.3799999999999999       0.16866642980393431
5.4000000000000004       0.16878368508199360
5.4199999999999999       0.16889859692348055
5.4400000000000004       0.16901121136383301
5.4600000000000000       0.16912157356687571
5.4800000000000004       0.16922972783996082
5.5000000000000000       0.16933571764890432
5.5200000000000005       0.16943958563271835
5.5400000000000000       0.16954137361813920
5.5600000000000005       0.16964112263395198
5.5800000000000001       0.16973887292511150
5.6000000000000005       0.16983466396666105
5.6200000000000001       0.16992853447744877
5.6399999999999997       0.17002052243364305
5.6600000000000001       0.17011066508204797
5.6799999999999997       0.17019899895321941
5.7000000000000002       0.17028555987438343
5.7199999999999998       0.17037038298215795
5.7400000000000002       0.17045350273507900
5.7599999999999998       0.17053495292593346
5.7800000000000002       0.17061476669389897
5.7999999999999998       0.17069297653649340
5.8200000000000003       0.17076961432133492
5.8399999999999999       0.17084471129771467
5.8600000000000003       0.17091829810798356
5.8799999999999999       0.17099040479875546
5.9000000000000004       0.17106106083192760
5.9199999999999999       0.17113029509552136
5.9400000000000004       0.17119813591434430
5.9600000000000000       0.17126461106047586
5.9800000000000004       0.17132974776357876
6.0000000000000000       0.17139357272103750
6.0200000000000005       0.17145611210792694
6.0400000000000000       0.17151739158681215
6.0600000000000005       0.17157743631738176
6.0800000000000001       0.17163627096591738
6.1000000000000005       0.17169391971460049
6.1200000000000001       0.17175040627065916
6.1399999999999997       0.17180575387535688
6.1600000000000001       0.17185998531282534
6.1799999999999997       0.17191312291874325
6.2000000000000002       0.17196518858886339
6.2199999999999998       0.17201620378739016
6.2400000000000002       0.17206618955520922
6.2599999999999998       0.17211516651797179
6.2800000000000002       0.17216315489403577
6.2999999999999998       0.17221017450226497
6.3200000000000003       0.17225624476968951
6.3399999999999999       0.17230138473902859
6.3600000000000003       0.17234561307607874
6.3799999999999999       0.17238894807696814
6.4000000000000004       0.17243140767528023
6.4199999999999999       0.17247300944904820
6.4400000000000004       0.17251377062762255
6.4600000000000000       0.17255370809841269
6.4800000000000004       0.17259283841350659
6.5000000000000000       0.17263117779616799
6.5200000000000005       0.17266874214721534
6.5400000000000000       0.17270554705128235
6.5600000000000005       0.17274160778296421
6.5800000000000001       0.17277693931284882
6.6000000000000005       0.17281155631343767
6.6200000000000001       0.17284547316495547
6.6400000000000006       0.17287870396105270
6.6600000000000001       0.17291126251440131
6.6799999999999997       0.17294316236218599
6.7000000000000002       0.17297441677149247
6.7199999999999998       0.17300503874459536
6.7400000000000002       0.17303504102414585
6.7599999999999998       0.17306443609826233
6.7800000000000002       0.17309323620552489
6.7999999999999998       0.17312145333987533
6.8200000000000003       0.17314909925542479
6.8399999999999999       0.17317618547116989
6.8600000000000003       0.17320272327561981
6.8799999999999999       0.17322872373133488
6.9000000000000004       0.17325419767937947
6.9199999999999999       0.17327915574368929
6.9400000000000004       0.17330360833535577
6.9600000000000000       0.17332756565682844
6.9800000000000004       0.17335103770603680
7.0000000000000000       0.17337403428043310
7.0200000000000005       0.17339656498095787
7.0400000000000000       0.17341863921592865
7.0600000000000005       0.17344026620485470
7.0800000000000001       0.17346145498217744
7.1000000000000005       0.17348221440093919
7.1200000000000001       0.17350255313638099
7.1400000000000006       0.17352247968947079
7.1600000000000001       0.17354200239036358
7.1799999999999997       0.17356112940179402
7.2000000000000002       0.17357986872240405
7.2199999999999998       0.17359822819000495
7.2400000000000002       0.17361621548477682
7.2599999999999998       0.17363383813240549
7.2800000000000002       0.17365110350715823
7.2999999999999998       0.17366801883489985
7.3200000000000003       0.17368459119604962
7.3399999999999999       0.17370082752848090
7.3600000000000003       0.17371673463036344
7.3799999999999999       0.17373231916295107
7.4000000000000004       0.17374758765331366
7.4199999999999999       0.17376254649701675
7.4400000000000004       0.17377720196074767
7.4600000000000000       0.17379156018489078
7.4800000000000004       0.17380562718605172
7.5000000000000000       0.17381940885953248
7.5200000000000005       0.17383291098175765
7.5400000000000000       0.17384613921265238
7.5600000000000005       0.17385909909797462
7.5800000000000001       0.17387179607160050
7.6000000000000005       0.17388423545776502
7.6200000000000001       0.17389642247325834
7.6400000000000006       0.17390836222957903
7.6600000000000001       0.17392005973504468
7.6799999999999997       0.17393151989686029
7.7000000000000002       0.17394274752314670
7.7199999999999998       0.17395374732492805
7.7400000000000002       0.17396452391808032
7.7599999999999998       0.17397508182524102
7.7800000000000002       0.17398542547768142
7.7999999999999998       0.17399555921714122
7.8200000000000003       0.17400548729762694
7.8399999999999999       0.17401521388717484
7.8600000000000003       0.17402474306957846
7.8799999999999999       0.17403407884608232
7.9000000000000004       0.17404322513704121
7.9199999999999999       0.17405218578354731
7.9400000000000004       0.17406096454902448
7.9600000000000000       0.17406956512079072
7.9800000000000004       0.17407799111158967
8.0000000000000000       0.17408624606109188
8.0199999999999996       0.17409433343736558
8.0399999999999991       0.17410225663831844
8.0600000000000005       0.17411001899311074
8.0800000000000001       0.17411762376353998
8.1000000000000014       0.17412507414539813
8.1200000000000010       0.17413237326980138
8.1400000000000006       0.17413952420449405
8.1600000000000001       0.17414652995512556
8.1799999999999997       0.17415339346650258
8.1999999999999993       0.17416011762381578
8.2199999999999989       0.17416670525384195
8.2400000000000002       0.17417315912612263
8.2599999999999998       0.17417948195411825
8.2800000000000011       0.17418567639634008
8.3000000000000007       0.17419174505745882
8.3200000000000003       0.17419769048939132
8.3399999999999999       0.17420351519236543
8.3599999999999994       0.17420922161596347
8.3799999999999990       0.17421481216014489
8.4000000000000004       0.17422028917624832
8.4199999999999999       0.17422565496797346
8.4400000000000013       0.17423091179234323
8.4600000000000009       0.17423606186064711
8.4800000000000004       0.17424110733936465
8.5000000000000000       0.17424605035107119
8.5199999999999996       0.17425089297532506
8.5400000000000009       0.17425563724953691
8.5600000000000005       0.17426028516982178
8.5800000000000001       0.17426483869183385
8.5999999999999996       0.17426929973158437
8.6200000000000010       0.17427367016624343
8.6400000000000006       0.17427795183492525
8.6600000000000001       0.17428214653945792
8.6799999999999997       0.17428625604513737
8.6999999999999993       0.17429028208146663
8.7200000000000006       0.17429422634287969
8.7400000000000002       0.17429809048945108
8.7599999999999998       0.17430187614759113
8.7799999999999994       0.17430558491072706
8.8000000000000007       0.17430921833997060
8.8200000000000003       0.17431277796477199
8.8399999999999999       0.17431626528356078
8.8599999999999994       0.17431968176437382
8.8800000000000008       0.17432302884547046
8.9000000000000004       0.17432630793593554
8.9199999999999999       0.17432952041626998
8.9399999999999995       0.17433266763896960
8.9600000000000009       0.17433575092909220
8.9800000000000004       0.17433877158481331
9.0000000000000000       0.17434173087797059
9.0199999999999996       0.17434463005459722
9.0400000000000009       0.17434747033544487
9.0600000000000005       0.17435025291649539
9.0800000000000001       0.17435297896946303
9.0999999999999996       0.17435564964228584
9.1200000000000010       0.17435826605960761
9.1400000000000006       0.17436082932324967
9.1600000000000001       0.17436334051267341
9.1799999999999997       0.17436580068543359
9.2000000000000011       0.17436821087762203
9.2200000000000006       0.17437057210430273
9.2400000000000002       0.17437288535993825
9.2599999999999998       0.17437515161880682
9.2799999999999994       0.17437737183541197
9.3000000000000007       0.17437954694488320
9.3200000000000003       0.17438167786336872
9.3399999999999999       0.17438376548842030
9.3599999999999994       0.17438581069937029
9.3800000000000008       0.17438781435770112
9.4000000000000004       0.17438977730740710
9.4199999999999999       0.17439170037534907
9.4399999999999995       0.17439358437160202
9.4600000000000009       0.17439543008979527
9.4800000000000004       0.17439723830744600
9.5000000000000000       0.17439900978628617
9.5199999999999996       0.17440074527258270
9.5400000000000009       0.17440244549745093
9.5600000000000005       0.17440411117716204
9.5800000000000001       0.17440574301344436
9.5999999999999996       0.17440734169377797
9.6200000000000010       0.17440890789168415
9.6400000000000006       0.17441044226700825
9.6600000000000001       0.17441194546619740
9.6799999999999997       0.17441341812257216
9.7000000000000011       0.17441486085659277
9.7200000000000006       0.17441627427612039
9.7400000000000002       0.17441765897667239
9.7599999999999998       0.17441901554167305
9.7799999999999994       0.17442034454269881
9.8000000000000007       0.17442164653971889
9.8200000000000003       0.17442292208133051
9.8399999999999999       0.17442417170499003
9.8599999999999994       0.17442539593723866
9.8800000000000008       0.17442659529392435
9.9000000000000004       0.17442777028041859
9.9199999999999999       0.17442892139182903
9.9399999999999995       0.17443004911320797
9.9600000000000009       0.17443115391975630
9.9800000000000004       0.17443223627702345
10.000000000000000       0.17443329664110332
10.020000000000000       0.17443433545882636
10.040000000000001       0.17443535316794739
10.060000000000000       0.17443635019732986
10.080000000000000       0.17443732696712658
10.100000000000000       0.17443828388895621
10.120000000000001       0.17443922136607670
10.140000000000001       0.17444013979355516
10.160000000000000       0.17444103955843371
10.180000000000000       0.17444192103989289
10.200000000000001       0.17444278460941096
10.220000000000001       0.17444363063092036
10.240000000000000       0.17444445946096104
10.260000000000000       0.17444527144883026
10.279999999999999       0.17444606693673001
10.300000000000001       0.17444684625991080
10.320000000000000       0.17444760974681295
10.340000000000000       0.17444835771920475
10.359999999999999       0.17444909049231810
10.380000000000001       0.17444980837498109
10.400000000000000       0.17445051166974815
10.420000000000000       0.17445120067302738
10.440000000000000       0.17445187567520534
10.460000000000001       0.17445253696076946
10.480000000000000       0.17445318480842770
10.500000000000000       0.17445381949122588
